6.000000000000000125e-03 6.000000000000000125e-03 5.600000000000000117e-02 3.599999999999999728e-02 7.199999999999999456e-02 2.400000000000000050e-02 2.199999999999999872e-02 1.400000000000000029e-02 6.000000000000000125e-03 6.199999999999999956e-02 5.399999999999999939e-02 8.799999999999999489e-02 8.999999999999999667e-02 4.000000000000000083e-02 4.599999999999999922e-02 4.800000000000000100e-02 5.600000000000000117e-02 3.400000000000000244e-02 2.999999999999999889e-02 1.799999999999999864e-02 3.599999999999999728e-02 6.199999999999999956e-02 6.000000000000000125e-03 6.400000000000000133e-02 2.400000000000000050e-02
2.400000000000000050e-02 6.400000000000000133e-02 6.000000000000000125e-03 6.199999999999999956e-02 3.599999999999999728e-02 1.799999999999999864e-02 2.999999999999999889e-02 3.400000000000000244e-02 5.600000000000000117e-02 4.800000000000000100e-02 4.599999999999999922e-02 4.000000000000000083e-02 8.999999999999999667e-02 8.799999999999999489e-02 5.399999999999999939e-02 6.199999999999999956e-02 6.000000000000000125e-03 1.400000000000000029e-02 2.199999999999999872e-02 2.400000000000000050e-02 7.199999999999999456e-02 3.599999999999999728e-02 5.600000000000000117e-02 6.000000000000000125e-03 6.000000000000000125e-03
9.174311926605505096e-03 4.403669724770642446e-02 2.201834862385321223e-02 2.201834862385321223e-02 3.119266055045871733e-02 4.770642201834862650e-02 5.321100917431192956e-02 8.073394495412844485e-02 4.770642201834862650e-02 4.220183486238532344e-02 4.403669724770642446e-02 1.082568807339449601e-01 0.000000000000000000e+00 4.220183486238532344e-02 2.752293577981651529e-02 4.220183486238532344e-02 4.220183486238532344e-02 2.752293577981651529e-02 2.752293577981651529e-02 2.201834862385321223e-02 5.137614678899082854e-02 3.853211009174312141e-02 7.339449541284404077e-02 4.403669724770642446e-02 9.174311926605505096e-03
1.788908765652951621e-02 3.756708407871198890e-02 3.756708407871198890e-02 6.440071556350626669e-02 2.862254025044722733e-02 3.756708407871198890e-02 1.091234347048300468e-01 5.187835420393559910e-02 4.472271914132379400e-02 2.862254025044722733e-02 5.366726296958854690e-03 0.000000000000000000e+00 0.000000000000000000e+00 4.472271914132379400e-02 2.862254025044722733e-02 2.683363148479427432e-02 5.008944543828264956e-02 1.431127012522361366e-02 4.293381037567083752e-02 4.114490161001788798e-02 4.472271914132379400e-02 9.302325581395348708e-02 5.903398926654740420e-02 4.651162790697674354e-02 4.472271914132379400e-02
8.912655971479501241e-03 3.743315508021390070e-02 3.743315508021390070e-02 8.734402852049910626e-02 7.486631016042780140e-02 5.347593582887700397e-02 0.000000000000000000e+00 7.308377896613191260e-02 1.960784313725490169e-02 2.317290552584670357e-02 8.377896613190731478e-02 0.000000000000000000e+00 0.000000000000000000e+00 3.386809269162210229e-02 8.912655971479501241e-03 4.634581105169340715e-02 2.673796791443850199e-02 2.317290552584670357e-02 1.372549019607843257e-01 3.386809269162210229e-02 4.099821746880570605e-02 5.882352941176470507e-02 3.743315508021390070e-02 2.317290552584670357e-02 3.030303030303030387e-02
3.030303030303030387e-02 2.317290552584670357e-02 3.743315508021390070e-02 5.882352941176470507e-02 4.099821746880570605e-02 3.386809269162210229e-02 1.372549019607843257e-01 2.317290552584670357e-02 2.673796791443850199e-02 4.634581105169340715e-02 8.912655971479501241e-03 3.386809269162210229e-02 0.000000000000000000e+00 0.000000000000000000e+00 8.377896613190731478e-02 2.317290552584670357e-02 1.960784313725490169e-02 7.308377896613191260e-02 0.000000000000000000e+00 5.347593582887700397e-02 7.486631016042780140e-02 8.734402852049910626e-02 3.743315508021390070e-02 3.743315508021390070e-02 8.912655971479501241e-03
3.812824956672443422e-02 3.639514731369150602e-02 1.247833622183708857e-01 4.332755632582322575e-02 5.199306759098786673e-02 2.253032928942807697e-02 0.000000000000000000e+00 8.492201039861352330e-02 7.105719237435008384e-02 1.126516464471403745e-01 3.812824956672443422e-02 0.000000000000000000e+00 0.000000000000000000e+00 5.545927209705372313e-02 1.039861351819757439e-02 5.025996533795493854e-02 3.986135181975736241e-02 6.239168110918544286e-02 0.000000000000000000e+00 1.906412478336221711e-02 2.426343154246100517e-02 5.199306759098787194e-03 2.426343154246100517e-02 3.986135181975736241e-02 4.506065857885615394e-02
4.506065857885615394e-02 3.986135181975736241e-02 2.426343154246100517e-02 5.199306759098787194e-03 2.426343154246100517e-02 1.906412478336221711e-02 0.000000000000000000e+00 6.239168110918544286e-02 3.986135181975736241e-02 5.025996533795493854e-02 1.039861351819757439e-02 5.545927209705372313e-02 0.000000000000000000e+00 0.000000000000000000e+00 3.812824956672443422e-02 1.126516464471403745e-01 7.105719237435008384e-02 8.492201039861352330e-02 0.000000000000000000e+00 2.253032928942807697e-02 5.199306759098786673e-02 4.332755632582322575e-02 1.247833622183708857e-01 3.639514731369150602e-02 3.812824956672443422e-02
1.748251748251748380e-02 1.748251748251748380e-02 0.000000000000000000e+00 1.223776223776223832e-01 4.370629370629370430e-02 4.020979020979020824e-02 0.000000000000000000e+00 1.503496503496503378e-01 9.090909090909091161e-02 4.370629370629370430e-02 1.223776223776223797e-02 0.000000000000000000e+00 0.000000000000000000e+00 9.090909090909091161e-02 2.447552447552447594e-02 4.370629370629370430e-02 3.321678321678321610e-02 4.370629370629370430e-02 0.000000000000000000e+00 3.321678321678321610e-02 3.671328671328671217e-02 3.146853146853147154e-02 9.440559440559440074e-02 1.748251748251748380e-02 1.223776223776223797e-02
3.924914675767918193e-02 2.218430034129692877e-02 0.000000000000000000e+00 1.279863481228668831e-01 7.167235494880545843e-02 3.583617747440272921e-02 0.000000000000000000e+00 0.000000000000000000e+00 2.389078498293515512e-02 3.242320819112627650e-02 1.535836177474402681e-02 0.000000000000000000e+00 0.000000000000000000e+00 1.109215017064846404e-01 3.071672354948805361e-02 3.071672354948805361e-02 1.006825938566552892e-01 4.436860068259385753e-02 0.000000000000000000e+00 3.924914675767918193e-02 5.119453924914675602e-02 7.679180887372014097e-02 2.389078498293515512e-02 4.607508532423208042e-02 7.679180887372014097e-02
7.679180887372014097e-02 4.607508532423208042e-02 2.389078498293515512e-02 7.679180887372014097e-02 5.119453924914675602e-02 3.924914675767918193e-02 0.000000000000000000e+00 4.436860068259385753e-02 1.006825938566552892e-01 3.071672354948805361e-02 3.071672354948805361e-02 1.109215017064846404e-01 0.000000000000000000e+00 0.000000000000000000e+00 1.535836177474402681e-02 3.242320819112627650e-02 2.389078498293515512e-02 0.000000000000000000e+00 0.000000000000000000e+00 3.583617747440272921e-02 7.167235494880545843e-02 1.279863481228668831e-01 0.000000000000000000e+00 2.218430034129692877e-02 3.924914675767918193e-02
6.260869565217391797e-02 5.391304347826086918e-02 0.000000000000000000e+00 0.000000000000000000e+00 2.000000000000000111e-01 4.000000000000000083e-02 0.000000000000000000e+00 0.000000000000000000e+00 6.608695652173912638e-02 1.565217391304347949e-02 1.130434782608695649e-01 0.000000000000000000e+00 0.000000000000000000e+00 3.652173913043478548e-02 2.434782608695652134e-02 9.913043478260868957e-02 1.165217391304347871e-01 1.043478260869565299e-02 0.000000000000000000e+00 2.434782608695652134e-02 2.434782608695652134e-02 2.086956521739130599e-02 3.652173913043478548e-02 2.782608695652174016e-02 2.782608695652174016e-02
1.626016260162601798e-02 5.691056910569105426e-02 0.000000000000000000e+00 0.000000000000000000e+00 0.000000000000000000e+00 8.943089430894309022e-02 0.000000000000000000e+00 0.000000000000000000e+00 1.073170731707317055e-01 8.130081300813007950e-02 3.089430894308943173e-02 0.000000000000000000e+00 0.000000000000000000e+00 3.089430894308943173e-02 3.252032520325203596e-02 8.780487804878048252e-02 2.520325203252032353e-01 3.902439024390243899e-02 0.000000000000000000e+00 6.666666666666666574e-02 2.764227642276422675e-02 1.626016260162601798e-02 2.439024390243902524e-02 3.252032520325203596e-02 8.130081300813008990e-03
3.206106870229007838e-02 2.442748091603053409e-02 0.000000000000000000e+00 0.000000000000000000e+00 0.000000000000000000e+00 1.679389312977099327e-02 0.000000000000000000e+00 0.000000000000000000e+00 5.801526717557251717e-02 5.160305343511449871e-01 2.442748091603053409e-02 0.000000000000000000e+00 0.000000000000000000e+00 5.343511450381679267e-02 2.442748091603053409e-02 2.442748091603053409e-02 0.000000000000000000e+00 3.206106870229007838e-02 0.000000000000000000e+00 3.816793893129771104e-02 2.290076335877862593e-02 3.816793893129771104e-02 5.343511450381679267e-02 1.374045801526717521e-02 2.748091603053435042e-02
2.386634844868735020e-02 2.386634844868735020e-02 0.000000000000000000e+00 0.000000000000000000e+00 0.000000000000000000e+00 6.443914081145585282e-02 0.000000000000000000e+00 0.000000000000000000e+00 6.682577565632458194e-02 0.000000000000000000e+00 3.460620525059665553e-02 0.000000000000000000e+00 0.000000000000000000e+00 2.243436754176610926e-01 8.353221957040572743e-02 7.517899761336516162e-02 0.000000000000000000e+00 2.028639618138424958e-02 0.000000000000000000e+00 3.460620525059665553e-02 6.085918854415274526e-02 3.460620525059665553e-02 4.653937947494033583e-02 1.455847255369928372e-01 6.085918854415274526e-02
6.085918854415274526e-02 1.455847255369928372e-01 4.653937947494033583e-02 3.460620525059665553e-02 6.085918854415274526e-02 3.460620525059665553e-02 0.000000000000000000e+00 2.028639618138424958e-02 0.000000000000000000e+00 7.517899761336516162e-02 8.353221957040572743e-02 2.243436754176610926e-01 0.000000000000000000e+00 0.000000000000000000e+00 3.460620525059665553e-02 0.000000000000000000e+00 6.682577565632458194e-02 0.000000000000000000e+00 0.000000000000000000e+00 6.443914081145585282e-02 0.000000000000000000e+00 0.000000000000000000e+00 0.000000000000000000e+00 2.386634844868735020e-02 2.386634844868735020e-02
1.453488372093023236e-02 2.325581395348837177e-02 0.000000000000000000e+00 0.000000000000000000e+00 0.000000000000000000e+00 1.308139534883720999e-02 0.000000000000000000e+00 0.000000000000000000e+00 1.889534883720930120e-02 0.000000000000000000e+00 1.453488372093023236e-02 0.000000000000000000e+00 0.000000000000000000e+00 0.000000000000000000e+00 7.500000000000000000e-01 3.343023255813953182e-02 0.000000000000000000e+00 1.744186046511627883e-02 0.000000000000000000e+00 1.453488372093023236e-02 2.470930232558139414e-02 1.453488372093023236e-02 2.470930232558139414e-02 1.744186046511627883e-02 1.889534883720930120e-02
3.838582677165354451e-02 6.003937007874015491e-02 0.000000000000000000e+00 0.000000000000000000e+00 0.000000000000000000e+00 6.003937007874015491e-02 0.000000000000000000e+00 0.000000000000000000e+00 6.003937007874015491e-02 0.000000000000000000e+00 6.397637795275590289e-02 0.000000000000000000e+00 0.000000000000000000e+00 0.000000000000000000e+00 0.000000000000000000e+00 7.874015748031495954e-02 0.000000000000000000e+00 9.645669291338582196e-02 0.000000000000000000e+00 6.003937007874015491e-02 4.429133858267716300e-02 6.003937007874015491e-02 1.545275590551181133e-01 1.141732283464566983e-01 1.092519685039370081e-01
2.283105022831050102e-02 1.065449010654490047e-02 0.000000000000000000e+00 0.000000000000000000e+00 0.000000000000000000e+00 4.566210045662100203e-02 0.000000000000000000e+00 0.000000000000000000e+00 3.652968036529680163e-02 0.000000000000000000e+00 1.522070015220700068e-02 0.000000000000000000e+00 0.000000000000000000e+00 0.000000000000000000e+00 0.000000000000000000e+00 2.130898021308980095e-02 0.000000000000000000e+00 2.283105022831050102e-02 0.000000000000000000e+00 5.631659056316590251e-02 2.283105022831050102e-02 5.175038051750380230e-02 0.000000000000000000e+00 6.255707762557077833e-01 6.849315068493150305e-02
3.799999999999999906e-02 3.400000000000000244e-02 5.800000000000000294e-02 2.000000000000000042e-02 2.599999999999999881e-02 3.200000000000000067e-02 1.000000000000000021e-02 3.200000000000000067e-02 4.200000000000000261e-02 4.599999999999999922e-02 2.000000000000000042e-02 2.000000000000000042e-02 7.599999999999999811e-02 6.600000000000000311e-02 4.200000000000000261e-02 3.200000000000000067e-02 7.399999999999999634e-02 1.799999999999999864e-02 4.800000000000000100e-02 1.799999999999999864e-02 9.199999999999999845e-02 5.999999999999999778e-02 2.000000000000000042e-02 4.200000000000000261e-02 3.400000000000000244e-02
3.400000000000000244e-02 4.200000000000000261e-02 2.000000000000000042e-02 5.999999999999999778e-02 9.199999999999999845e-02 1.799999999999999864e-02 4.800000000000000100e-02 1.799999999999999864e-02 7.399999999999999634e-02 3.200000000000000067e-02 4.200000000000000261e-02 6.600000000000000311e-02 7.599999999999999811e-02 2.000000000000000042e-02 2.000000000000000042e-02 4.599999999999999922e-02 4.200000000000000261e-02 3.200000000000000067e-02 1.000000000000000021e-02 3.200000000000000067e-02 2.599999999999999881e-02 2.000000000000000042e-02 5.800000000000000294e-02 3.400000000000000244e-02 3.799999999999999906e-02
5.494505494505494414e-02 2.197802197802197974e-02 4.212454212454212754e-02 4.212454212454212754e-02 6.593406593406593574e-02 3.846153846153846367e-02 6.043956043956043994e-02 3.663003663003663174e-02 2.197802197802197974e-02 3.846153846153846367e-02 4.212454212454212754e-02 7.875457875457875234e-02 2.564102564102564014e-02 6.043956043956043994e-02 2.930402930402930400e-02 4.212454212454212754e-02 3.846153846153846367e-02 5.494505494505494414e-02 1.831501831501831587e-02 3.296703296703296787e-02 0.000000000000000000e+00 3.846153846153846367e-02 5.494505494505494414e-02 3.479853479853479981e-02 2.564102564102564014e-02
5.524861878453038444e-03 8.287292817679557666e-02 2.025782688766114212e-02 2.394106813996316890e-02 5.524861878453038444e-02 4.235727440147329936e-02 9.208103130755064536e-02 3.130755064456722248e-02 3.499079189686924579e-02 4.235727440147329936e-02 2.578268876611418056e-02 0.000000000000000000e+00 5.156537753222836112e-02 6.998158379373849158e-02 1.841620626151013046e-02 3.499079189686924579e-02 8.287292817679557666e-02 7.734806629834253822e-02 4.788213627992633781e-02 4.604051565377532268e-02 0.000000000000000000e+00 5.524861878453038444e-03 2.394106813996316890e-02 4.788213627992633781e-02 3.683241252302026092e-02
3.683241252302026092e-02 4.788213627992633781e-02 2.394106813996316890e-02 5.524861878453038444e-03 0.000000000000000000e+00 4.604051565377532268e-02 4.788213627992633781e-02 7.734806629834253822e-02 8.287292817679557666e-02 3.499079189686924579e-02 1.841620626151013046e-02 6.998158379373849158e-02 5.156537753222836112e-02 0.000000000000000000e+00 2.578268876611418056e-02 4.235727440147329936e-02 3.499079189686924579e-02 3.130755064456722248e-02 9.208103130755064536e-02 4.235727440147329936e-02 5.524861878453038444e-02 2.394106813996316890e-02 2.025782688766114212e-02 8.287292817679557666e-02 5.524861878453038444e-03
5.454545454545454281e-02 2.545454545454545539e-02 2.000000000000000042e-02 5.454545454545454281e-02 1.090909090909090995e-02 1.000000000000000056e-01 0.000000000000000000e+00 4.363636363636363980e-02 5.090909090909091078e-02 4.000000000000000083e-02 1.636363636363636492e-02 0.000000000000000000e+00 2.909090909090909088e-02 1.000000000000000056e-01 4.000000000000000083e-02 3.636363636363636187e-02 3.636363636363636187e-02 3.272727272727272985e-02 5.090909090909091078e-02 8.545454545454544970e-02 0.000000000000000000e+00 8.545454545454544970e-02 4.363636363636363980e-02 3.272727272727272985e-02 1.090909090909090995e-02
1.090909090909090995e-02 3.272727272727272985e-02 4.363636363636363980e-02 8.545454545454544970e-02 0.000000000000000000e+00 8.545454545454544970e-02 5.090909090909091078e-02 3.272727272727272985e-02 3.636363636363636187e-02 3.636363636363636187e-02 4.000000000000000083e-02 1.000000000000000056e-01 2.909090909090909088e-02 0.000000000000000000e+00 1.636363636363636492e-02 4.000000000000000083e-02 5.090909090909091078e-02 4.363636363636363980e-02 0.000000000000000000e+00 1.000000000000000056e-01 1.090909090909090995e-02 5.454545454545454281e-02 2.000000000000000042e-02 2.545454545454545539e-02 5.454545454545454281e-02
3.963963963963963721e-02 1.261261261261261216e-02 2.162162162162162282e-02 6.306306306306305731e-02 1.801801801801801786e-02 0.000000000000000000e+00 0.000000000000000000e+00 6.486486486486486847e-02 2.162162162162162282e-02 1.171171171171171144e-01 6.486486486486486847e-02 0.000000000000000000e+00 1.801801801801801786e-02 2.342342342342342357e-02 3.063063063063063002e-02 1.801801801801801786e-02 3.423423423423423151e-02 9.909909909909909997e-02 3.783783783783783994e-02 3.963963963963963721e-02 0.000000000000000000e+00 1.171171171171171144e-01 6.306306306306305731e-02 5.585585585585585433e-02 3.963963963963963721e-02
3.716814159292035347e-02 3.362831858407079599e-02 4.778761061946902589e-02 6.548672566371681325e-02 2.654867256637168105e-02 0.000000000000000000e+00 0.000000000000000000e+00 8.849557522123893682e-02 7.256637168141592820e-02 0.000000000000000000e+00 7.256637168141592820e-02 0.000000000000000000e+00 5.840707964601769830e-02 1.061946902654867242e-02 3.008849557522123852e-02 1.592920353982300863e-02 5.486725663716814083e-02 5.132743362831858336e-02 6.194690265486725578e-02 5.840707964601769830e-02 0.000000000000000000e+00 9.203539823008849430e-02 3.362831858407079599e-02 4.424778761061946841e-02 4.424778761061946841e-02
6.340579710144927938e-02 5.072463768115942351e-02 5.797101449275362389e-02 1.086956521739130405e-02 4.347826086956521618e-02 0.000000000000000000e+00 0.000000000000000000e+00 5.797101449275362389e-02 1.068840579710144956e-01 0.000000000000000000e+00 1.811594202898550790e-02 0.000000000000000000e+00 6.884057971014492794e-02 3.442028985507246397e-02 4.528985507246376802e-02 1.811594202898550790e-02 2.246376811594202882e-01 2.355072463768115992e-02 2.717391304347826012e-02 3.442028985507246397e-02 0.000000000000000000e+00 0.000000000000000000e+00 3.442028985507246397e-02 4.528985507246376802e-02 3.442028985507246397e-02
3.442028985507246397e-02 4.528985507246376802e-02 3.442028985507246397e-02 0.000000000000000000e+00 0.000000000000000000e+00 3.442028985507246397e-02 2.717391304347826012e-02 2.355072463768115992e-02 2.246376811594202882e-01 1.811594202898550790e-02 4.528985507246376802e-02 3.442028985507246397e-02 6.884057971014492794e-02 0.000000000000000000e+00 1.811594202898550790e-02 0.000000000000000000e+00 1.068840579710144956e-01 5.797101449275362389e-02 0.000000000000000000e+00 0.000000000000000000e+00 4.347826086956521618e-02 1.086956521739130405e-02 5.797101449275362389e-02 5.072463768115942351e-02 6.340579710144927938e-02
5.929487179487179238e-02 2.884615384615384776e-02 3.205128205128204844e-02 3.685897435897435986e-02 3.685897435897435986e-02 0.000000000000000000e+00 0.000000000000000000e+00 4.487179487179487197e-02 5.128205128205128027e-02 0.000000000000000000e+00 3.205128205128204844e-02 0.000000000000000000e+00 1.442307692307692388e-02 3.205128205128204844e-02 2.243589743589743599e-02 4.487179487179487197e-02 0.000000000000000000e+00 3.541666666666666852e-01 3.685897435897435986e-02 3.685897435897435986e-02 0.000000000000000000e+00 0.000000000000000000e+00 3.685897435897435986e-02 6.250000000000000000e-02 3.685897435897435986e-02
2.912621359223301065e-02 1.109570041608876588e-02 4.854368932038834877e-02 2.219140083217753176e-02 8.321775312066573976e-03 0.000000000000000000e+00 0.000000000000000000e+00 3.328710124826629591e-02 3.883495145631067624e-02 0.000000000000000000e+00 1.941747572815533812e-02 0.000000000000000000e+00 5.686546463245492067e-01 5.547850208044383113e-02 2.219140083217753176e-02 2.219140083217753176e-02 0.000000000000000000e+00 0.000000000000000000e+00 2.219140083217753176e-02 1.248266296809986096e-02 0.000000000000000000e+00 0.000000000000000000e+00 4.715672676837725369e-02 2.357836338418862684e-02 1.525658807212205287e-02
3.846153846153846367e-02 2.307692307692307820e-02 4.725274725274725141e-02 1.098901098901098883e-01 7.912087912087911734e-02 0.000000000000000000e+00 0.000000000000000000e+00 3.406593406593406287e-02 1.307692307692307765e-01 0.000000000000000000e+00 5.164835164835164527e-02 0.000000000000000000e+00 0.000000000000000000e+00 1.307692307692307765e-01 5.164835164835164527e-02 7.142857142857142461e-02 0.000000000000000000e+00 0.000000000000000000e+00 7.142857142857142461e-02 3.846153846153846367e-02 0.000000000000000000e+00 0.000000000000000000e+00 5.054945054945055027e-02 3.846153846153846367e-02 3.296703296703296787e-02
2.584814216478190790e-02 3.231017770597738488e-03 1.777059773828756212e-02 3.069466882067851260e-02 1.777059773828756212e-02 0.000000000000000000e+00 0.000000000000000000e+00 3.231017770597738488e-03 0.000000000000000000e+00 0.000000000000000000e+00 9.693053311793214596e-03 0.000000000000000000e+00 0.000000000000000000e+00 7.641357027463651086e-01 1.615508885298869157e-02 1.130856219709208341e-02 0.000000000000000000e+00 0.000000000000000000e+00 3.231017770597738488e-03 2.261712439418416681e-02 0.000000000000000000e+00 0.000000000000000000e+00 1.777059773828756212e-02 3.069466882067851260e-02 2.584814216478190790e-02
6.000000000000000125e-03 3.799999999999999906e-02 3.400000000000000244e-02 3.400000000000000244e-02 1.000000000000000021e-02 2.599999999999999881e-02 7.000000000000000666e-02 8.200000000000000344e-02 4.599999999999999922e-02 3.200000000000000067e-02 3.200000000000000067e-02 2.000000000000000042e-02 4.200000000000000261e-02 8.799999999999999489e-02 2.599999999999999881e-02 1.019999999999999934e-01 4.000000000000000083e-02 5.600000000000000117e-02 2.800000000000000058e-02 3.799999999999999906e-02 2.800000000000000058e-02 6.199999999999999956e-02 2.599999999999999881e-02 1.400000000000000029e-02 2.000000000000000042e-02
2.000000000000000042e-02 1.400000000000000029e-02 2.599999999999999881e-02 6.199999999999999956e-02 2.800000000000000058e-02 3.799999999999999906e-02 2.800000000000000058e-02 5.600000000000000117e-02 4.000000000000000083e-02 1.019999999999999934e-01 2.599999999999999881e-02 8.799999999999999489e-02 4.200000000000000261e-02 2.000000000000000042e-02 3.200000000000000067e-02 3.200000000000000067e-02 4.599999999999999922e-02 8.200000000000000344e-02 7.000000000000000666e-02 2.599999999999999881e-02 1.000000000000000021e-02 3.400000000000000244e-02 3.400000000000000244e-02 3.799999999999999906e-02 6.000000000000000125e-03
1.996370235934664256e-02 2.359346642468239733e-02 4.537205081669691553e-02 3.629764065335753381e-02 4.537205081669691553e-02 2.722323049001814863e-02 3.629764065335753381e-02 3.629764065335753381e-02 4.900181488203266683e-02 1.125226860254083527e-01 7.259528130671506069e-03 3.629764065335753381e-02 1.143375680580762249e-01 1.996370235934664256e-02 5.081669691470054595e-02 0.000000000000000000e+00 1.996370235934664256e-02 7.259528130671506069e-03 8.529945553539020064e-02 3.266787658802177557e-02 3.266787658802177557e-02 3.266787658802177557e-02 5.081669691470054595e-02 5.081669691470054595e-02 2.722323049001814863e-02
3.907637655417407069e-02 5.861456483126110256e-02 3.907637655417407069e-02 3.197158081705150923e-02 7.992895204262877307e-02 2.841918294849023197e-02 3.019538188277087060e-02 4.440497335701598658e-02 1.047957371225577278e-01 2.486678507992895124e-02 6.216696269982237982e-02 1.953818827708703534e-02 0.000000000000000000e+00 6.571936056838366402e-02 1.243339253996447562e-02 0.000000000000000000e+00 8.525754884547069590e-02 2.486678507992895124e-02 6.571936056838366402e-02 4.262877442273534795e-02 1.953818827708703534e-02 3.907637655417407069e-02 1.243339253996447562e-02 4.440497335701598658e-02 2.486678507992895124e-02
4.472271914132379400e-02 3.041144901610018034e-02 4.293381037567083752e-02 5.724508050089445466e-02 1.001788908765652991e-01 1.967799642218246922e-02 4.830053667262969308e-02 2.057245080500894330e-01 0.000000000000000000e+00 9.302325581395348708e-02 1.967799642218246922e-02 3.041144901610018034e-02 0.000000000000000000e+00 1.252236135957066239e-02 8.944543828264758106e-03 0.000000000000000000e+00 4.472271914132379400e-02 7.334525939177101439e-02 2.683363148479427432e-02 1.967799642218246922e-02 8.944543828264758106e-03 1.610017889087656667e-02 3.577817531305903243e-02 1.252236135957066239e-02 4.830053667262969308e-02
4.830053667262969308e-02 1.252236135957066239e-02 3.577817531305903243e-02 1.610017889087656667e-02 8.944543828264758106e-03 1.967799642218246922e-02 2.683363148479427432e-02 7.334525939177101439e-02 4.472271914132379400e-02 0.000000000000000000e+00 8.944543828264758106e-03 1.252236135957066239e-02 0.000000000000000000e+00 3.041144901610018034e-02 1.967799642218246922e-02 9.302325581395348708e-02 0.000000000000000000e+00 2.057245080500894330e-01 4.830053667262969308e-02 1.967799642218246922e-02 1.001788908765652991e-01 5.724508050089445466e-02 4.293381037567083752e-02 3.041144901610018034e-02 4.472271914132379400e-02
1.463414634146341549e-02 3.739837398373983823e-02 2.926829268292683098e-02 8.780487804878048252e-02 5.040650406504065123e-02 2.439024390243902524e-02 1.788617886178861874e-02 0.000000000000000000e+00 0.000000000000000000e+00 4.390243902439024126e-02 2.439024390243902524e-02 4.715447154471544972e-02 0.000000000000000000e+00 5.040650406504065123e-02 4.065040650406503975e-02 0.000000000000000000e+00 4.065040650406503975e-02 1.691056910569105620e-01 4.715447154471544972e-02 1.463414634146341549e-02 7.317073170731706877e-02 8.292682926829268719e-02 5.040650406504065123e-02 3.252032520325203596e-02 2.113821138211382025e-02
2.113821138211382025e-02 3.252032520325203596e-02 5.040650406504065123e-02 8.292682926829268719e-02 7.317073170731706877e-02 1.463414634146341549e-02 4.715447154471544972e-02 1.691056910569105620e-01 4.065040650406503975e-02 0.000000000000000000e+00 4.065040650406503975e-02 5.040650406504065123e-02 0.000000000000000000e+00 4.715447154471544972e-02 2.439024390243902524e-02 4.390243902439024126e-02 0.000000000000000000e+00 0.000000000000000000e+00 1.788617886178861874e-02 2.439024390243902524e-02 5.040650406504065123e-02 8.780487804878048252e-02 2.926829268292683098e-02 3.739837398373983823e-02 1.463414634146341549e-02
4.801324503311258513e-02 3.807947019867549687e-02 4.139072847682119527e-02 1.821192052980132384e-02 4.635761589403973593e-02 5.298013245033112578e-02 7.615894039735099375e-02 0.000000000000000000e+00 0.000000000000000000e+00 7.119205298013245309e-02 3.311258278145695622e-02 3.476821192052979848e-02 0.000000000000000000e+00 5.132450331125827658e-02 3.476821192052979848e-02 0.000000000000000000e+00 2.218543046357615844e-01 0.000000000000000000e+00 4.304635761589403753e-02 1.821192052980132384e-02 2.980132450331125782e-02 3.807947019867549687e-02 2.649006622516556289e-02 1.158940397350993398e-02 6.456953642384105629e-02
5.047318611987381548e-02 5.678233438485804502e-02 8.990536277602523274e-02 7.886435331230283452e-02 2.523659305993690774e-02 3.627760252365930943e-02 8.044164037854889537e-02 0.000000000000000000e+00 0.000000000000000000e+00 5.047318611987381548e-02 3.312302839116719466e-02 4.731861198738170071e-02 0.000000000000000000e+00 6.782334384858043630e-02 6.782334384858043630e-02 0.000000000000000000e+00 0.000000000000000000e+00 0.000000000000000000e+00 2.208201892744479644e-02 2.208201892744479644e-02 8.359621451104100320e-02 8.990536277602523274e-02 1.104100946372239822e-02 5.047318611987381548e-02 3.627760252365930943e-02
3.627760252365930943e-02 5.047318611987381548e-02 1.104100946372239822e-02 8.990536277602523274e-02 8.359621451104100320e-02 2.208201892744479644e-02 2.208201892744479644e-02 0.000000000000000000e+00 0.000000000000000000e+00 0.000000000000000000e+00 6.782334384858043630e-02 6.782334384858043630e-02 0.000000000000000000e+00 4.731861198738170071e-02 3.312302839116719466e-02 5.047318611987381548e-02 0.000000000000000000e+00 0.000000000000000000e+00 8.044164037854889537e-02 3.627760252365930943e-02 2.523659305993690774e-02 7.886435331230283452e-02 8.990536277602523274e-02 5.678233438485804502e-02 5.047318611987381548e-02
2.513464991023339409e-02 1.166965888689407566e-01 0.000000000000000000e+00 1.867145421903051994e-01 2.513464991023339409e-02 1.974865350089766505e-02 9.156193895870735899e-02 0.000000000000000000e+00 0.000000000000000000e+00 6.104129263913823933e-02 2.872531418312387896e-02 1.795332136445242435e-02 0.000000000000000000e+00 6.104129263913823933e-02 3.949730700179533011e-02 0.000000000000000000e+00 0.000000000000000000e+00 0.000000000000000000e+00 6.463195691202872073e-02 1.436265709156193948e-02 6.283662477558348003e-02 5.565529622980251029e-02 3.770197486535008941e-02 6.642728904847396143e-02 2.513464991023339409e-02
4.304635761589403753e-02 3.145695364238410702e-02 0.000000000000000000e+00 0.000000000000000000e+00 4.801324503311258513e-02 3.642384105960264767e-02 3.642384105960264767e-02 0.000000000000000000e+00 0.000000000000000000e+00 4.304635761589403753e-02 6.456953642384105629e-02 3.642384105960264767e-02 0.000000000000000000e+00 8.940397350993377346e-02 6.456953642384105629e-02 0.000000000000000000e+00 0.000000000000000000e+00 0.000000000000000000e+00 5.463576158940397498e-02 5.960264900662251564e-02 7.450331125827815149e-02 1.456953642384105907e-01 6.953642384105959695e-02 5.463576158940397498e-02 4.801324503311258513e-02
1.530612244897959148e-02 3.571428571428571230e-02 0.000000000000000000e+00 0.000000000000000000e+00 3.401360544217686948e-03 2.040816326530612082e-02 2.040816326530612082e-02 0.000000000000000000e+00 0.000000000000000000e+00 2.721088435374149558e-02 3.401360544217686948e-03 1.700680272108843691e-02 0.000000000000000000e+00 2.891156462585034101e-02 6.802721088435373896e-03 0.000000000000000000e+00 0.000000000000000000e+00 0.000000000000000000e+00 3.401360544217686948e-03 2.721088435374149558e-02 7.397959183673469274e-01 0.000000000000000000e+00 2.040816326530612082e-02 1.870748299319727886e-02 1.190476190476190410e-02
1.190476190476190410e-02 1.870748299319727886e-02 2.040816326530612082e-02 0.000000000000000000e+00 7.397959183673469274e-01 2.721088435374149558e-02 3.401360544217686948e-03 0.000000000000000000e+00 0.000000000000000000e+00 0.000000000000000000e+00 6.802721088435373896e-03 2.891156462585034101e-02 0.000000000000000000e+00 1.700680272108843691e-02 3.401360544217686948e-03 2.721088435374149558e-02 0.000000000000000000e+00 0.000000000000000000e+00 2.040816326530612082e-02 2.040816326530612082e-02 3.401360544217686948e-03 0.000000000000000000e+00 0.000000000000000000e+00 3.571428571428571230e-02 1.530612244897959148e-02
3.400000000000000244e-02 8.400000000000000522e-02 3.799999999999999906e-02 1.799999999999999864e-02 2.000000000000000042e-02 5.000000000000000278e-02 2.000000000000000042e-02 3.400000000000000244e-02 7.799999999999999989e-02 5.199999999999999761e-02 2.000000000000000042e-02 3.200000000000000067e-02 7.799999999999999989e-02 5.199999999999999761e-02 8.599999999999999312e-02 1.000000000000000021e-02 8.000000000000000167e-02 4.200000000000000261e-02 3.200000000000000067e-02 4.800000000000000100e-02 4.200000000000000261e-02 6.000000000000000125e-03 2.800000000000000058e-02 1.000000000000000021e-02 6.000000000000000125e-03
1.289134438305709028e-02 4.604051565377532268e-02 4.604051565377532268e-02 2.762430939226519222e-02 2.762430939226519222e-02 4.051565377532228424e-02 7.366482504604051837e-03 4.604051565377532268e-02 6.077348066298342288e-02 4.419889502762430755e-02 4.604051565377532268e-02 4.972375690607734600e-02 3.683241252302026092e-02 9.576427255985267561e-02 0.000000000000000000e+00 4.051565377532228424e-02 4.419889502762430755e-02 3.499079189686924579e-02 3.683241252302026092e-02 5.156537753222836112e-02 3.130755064456722248e-02 2.762430939226519222e-02 6.629834254143646133e-02 3.499079189686924579e-02 4.419889502762430755e-02
2.898550724637681195e-02 1.992753623188405626e-02 6.340579710144927938e-02 4.528985507246376802e-02 5.253623188405796840e-02 3.260869565217391214e-02 4.710144927536231985e-02 4.347826086956521618e-02 1.304347826086956486e-01 3.260869565217391214e-02 7.427536231884057649e-02 3.623188405797101580e-02 3.260869565217391214e-02 0.000000000000000000e+00 0.000000000000000000e+00 7.246376811594202987e-03 4.347826086956521618e-02 1.992753623188405626e-02 6.884057971014492794e-02 2.536231884057971175e-02 1.630434782608695607e-02 1.992753623188405626e-02 7.789855072463768015e-02 2.898550724637681195e-02 5.253623188405796840e-02
3.321678321678321610e-02 2.447552447552447594e-02 3.846153846153846367e-02 2.622377622377622397e-02 5.594405594405594401e-02 2.097902097902097987e-02 3.846153846153846367e-02 4.895104895104895187e-02 0.000000000000000000e+00 1.258741258741258862e-01 8.741258741258741902e-03 8.391608391608391948e-02 2.097902097902097987e-02 0.000000000000000000e+00 0.000000000000000000e+00 3.321678321678321610e-02 5.594405594405594401e-02 2.622377622377622397e-02 8.391608391608391948e-02 5.594405594405594401e-02 8.391608391608391948e-02 8.391608391608391948e-02 1.223776223776223797e-02 2.097902097902097987e-02 1.748251748251748380e-02
1.748251748251748380e-02 1.748251748251748380e-02 2.097902097902097987e-02 6.293706293706294308e-02 3.251748251748251550e-01 3.671328671328671217e-02 8.566433566433566404e-02 2.447552447552447594e-02 0.000000000000000000e+00 0.000000000000000000e+00 8.916083916083916705e-02 3.671328671328671217e-02 3.496503496503496761e-02 0.000000000000000000e+00 0.000000000000000000e+00 2.797202797202797200e-02 1.048951048951048994e-02 1.048951048951048994e-02 2.972027972027972004e-02 3.496503496503496761e-02 3.321678321678321610e-02 3.496503496503496761e-02 6.993006993006993001e-03 3.846153846153846367e-02 2.097902097902097987e-02
2.097902097902097987e-02 3.846153846153846367e-02 6.993006993006993001e-03 3.496503496503496761e-02 3.321678321678321610e-02 3.496503496503496761e-02 2.972027972027972004e-02 1.048951048951048994e-02 1.048951048951048994e-02 2.797202797202797200e-02 0.000000000000000000e+00 0.000000000000000000e+00 3.496503496503496761e-02 3.671328671328671217e-02 8.916083916083916705e-02 0.000000000000000000e+00 0.000000000000000000e+00 2.447552447552447594e-02 8.566433566433566404e-02 3.671328671328671217e-02 3.251748251748251550e-01 6.293706293706294308e-02 2.097902097902097987e-02 1.748251748251748380e-02 1.748251748251748380e-02
5.247813411078717377e-02 5.830903790087463290e-02 8.892128279883382280e-02 2.915451895043731645e-02 0.000000000000000000e+00 3.206997084548104948e-02 3.935860058309038206e-02 3.935860058309038206e-02 0.000000000000000000e+00 0.000000000000000000e+00 2.915451895043731645e-02 1.209912536443148723e-01 1.705539358600583200e-01 0.000000000000000000e+00 0.000000000000000000e+00 4.518950437317784119e-02 2.915451895043731645e-02 5.247813411078717377e-02 3.644314868804664903e-02 2.040816326530612082e-02 3.644314868804664903e-02 2.040816326530612082e-02 2.040816326530612082e-02 3.935860058309038206e-02 3.935860058309038206e-02
3.935860058309038206e-02 3.935860058309038206e-02 2.040816326530612082e-02 2.040816326530612082e-02 3.644314868804664903e-02 2.040816326530612082e-02 3.644314868804664903e-02 5.247813411078717377e-02 2.915451895043731645e-02 4.518950437317784119e-02 0.000000000000000000e+00 0.000000000000000000e+00 1.705539358600583200e-01 1.209912536443148723e-01 2.915451895043731645e-02 0.000000000000000000e+00 0.000000000000000000e+00 3.935860058309038206e-02 3.935860058309038206e-02 3.206997084548104948e-02 0.000000000000000000e+00 2.915451895043731645e-02 8.892128279883382280e-02 5.830903790087463290e-02 5.247813411078717377e-02
7.131280388978930573e-02 2.593192868719610897e-02 4.862236628849271082e-03 3.727714748784440729e-02 0.000000000000000000e+00 1.782820097244732643e-02 8.265802269043760753e-02 2.512155591572123314e-01 0.000000000000000000e+00 0.000000000000000000e+00 8.103727714748784269e-03 1.944894651539708433e-02 0.000000000000000000e+00 0.000000000000000000e+00 0.000000000000000000e+00 8.103727714748784616e-02 6.320907617504051279e-02 4.862236628849270909e-02 6.969205834683954437e-02 2.431118314424635454e-02 2.917341977309562476e-02 6.320907617504051279e-02 8.103727714748784269e-03 8.103727714748784269e-03 8.589951377633711638e-02
8.589951377633711638e-02 8.103727714748784269e-03 8.103727714748784269e-03 6.320907617504051279e-02 2.917341977309562476e-02 2.431118314424635454e-02 6.969205834683954437e-02 4.862236628849270909e-02 6.320907617504051279e-02 8.103727714748784616e-02 0.000000000000000000e+00 0.000000000000000000e+00 0.000000000000000000e+00 1.944894651539708433e-02 8.103727714748784269e-03 0.000000000000000000e+00 0.000000000000000000e+00 2.512155591572123314e-01 8.265802269043760753e-02 1.782820097244732643e-02 0.000000000000000000e+00 3.727714748784440729e-02 4.862236628849271082e-03 2.593192868719610897e-02 7.131280388978930573e-02
4.427480916030534369e-02 3.511450381679389471e-02 2.900763358778625858e-02 3.969465648854961920e-02 0.000000000000000000e+00 4.885496183206106818e-02 4.427480916030534369e-02 0.000000000000000000e+00 0.000000000000000000e+00 0.000000000000000000e+00 3.511450381679389471e-02 1.832061068702290074e-01 0.000000000000000000e+00 0.000000000000000000e+00 0.000000000000000000e+00 9.007633587786259555e-02 5.190839694656488451e-02 3.969465648854961920e-02 6.870229007633588125e-02 6.564885496183206492e-02 2.900763358778625858e-02 5.648854961832060900e-02 1.832061068702290144e-02 6.870229007633588125e-02 5.190839694656488451e-02
3.870967741935484041e-02 8.870967741935484319e-02 1.000000000000000056e-01 4.677419354838709825e-02 0.000000000000000000e+00 4.032258064516128920e-02 3.080645161290322398e-01 0.000000000000000000e+00 0.000000000000000000e+00 0.000000000000000000e+00 9.193548387096774077e-02 0.000000000000000000e+00 0.000000000000000000e+00 0.000000000000000000e+00 0.000000000000000000e+00 8.064516129032257841e-03 8.064516129032257841e-03 4.032258064516128920e-02 3.870967741935484041e-02 5.483870967741935609e-02 3.225806451612903136e-02 3.870967741935484041e-02 2.741935483870967805e-02 8.064516129032257841e-03 2.903225806451613031e-02
6.946454413892909352e-02 4.341534008683067825e-02 3.617945007235889854e-02 5.643994211287988588e-02 0.000000000000000000e+00 1.201157742402315515e-01 0.000000000000000000e+00 0.000000000000000000e+00 0.000000000000000000e+00 0.000000000000000000e+00 1.432706222865412493e-01 0.000000000000000000e+00 0.000000000000000000e+00 0.000000000000000000e+00 0.000000000000000000e+00 4.341534008683067825e-02 5.643994211287988588e-02 6.657018813314037609e-02 7.814761215629521807e-02 5.643994211287988588e-02 2.894356005788711883e-02 6.657018813314037609e-02 5.643994211287988588e-02 2.894356005788711883e-02 4.920405209840810618e-02
1.352253756260433926e-01 1.151919866444073431e-01 1.168614357262103519e-02 1.502504173622704574e-02 0.000000000000000000e+00 3.355592654424039978e-01 0.000000000000000000e+00 0.000000000000000000e+00 0.000000000000000000e+00 0.000000000000000000e+00 0.000000000000000000e+00 0.000000000000000000e+00 0.000000000000000000e+00 0.000000000000000000e+00 0.000000000000000000e+00 1.836393989983305455e-02 1.335559265442404046e-02 1.335559265442404046e-02 1.151919866444073431e-01 4.674457429048414076e-02 6.677796327212020232e-03 4.340567612687813021e-02 9.348914858096828151e-02 3.338898163606010116e-03 3.338898163606009856e-02
